100 4950
0 995 293 835 289 896 68 179 793 791 349 987 889 593 242 807 863 3 920 360 775 363 617 776 143 129 670 768 258 810 55 418 459 58 587 129 639 942 733 917 239 325 506 124 324 741 530 379 989 642 232 526 458 532 779 882 541 753 676 596 283 667 379 803 398 315 275 934 941 67 17 561 894 65 8 668 991 595 923 633 782 265 644 742 655 670 995 610 996 432 467 641 386 5 424 326 712 938 444 58
995 0 44 233 242 403 546 872 992 876 61 739 756 162 496 117 552 7 645 489 883 501 364 639 65 656 159 938 406 996 488 626 337 801 595 136 641 798 60 561 167 810 213 60 306 824 610 24 717 532 339 12 501 965 505 682 602 106 847 419 114 922 997 427 974 914 240 976 319 20 66 538 527 81 896 199 151 787 257 944 398 155 805 985 468 668 982 441 236 661 229 584 506 530 406 956 961 738 752 340
293 44 0 248 681 270 963 271 746 71 767 815 673 211 757 254 595 441 588 565 967 491 375 467 19 135 940 168 907 803 586 637 638 125 376 482 763 905 16 764 710 859 566 983 771 566 224 48 563 907 921 995 824 870 682 229 557 896 959 830 658 82 825 219 916 757 525 652 723 253 577 549 865 915 523 702 80 813 619 400 430 835 737 26 458 788 471 258 321 162 906 877 235 142 844 755 550 184 838 16
835 233 248 0 653 25 578 439 862 725 495 134 278 56 480 497 303 6 301 542 145 894 52 66 228 786 692 201 330 218 310 761 619 280 952 165 993 934 179 614 743 373 966 48 781 43 953 574 541 782 755 422 554 937 995 486 959 224 230 67 581 693 392 103 654 760 847 296 668 293 51 564 523 465 863 258 173 765 514 759 371 235 729 693 166 301 119 976 750 427 934 995 927 876 90 843 246 276 803 474
289 242 681 653 0 490 347 481 564 507 139 706 814 299 738 412 247 402 688 346 326 817 447 834 773 851 841 737 427 132 268 374 778 33 833 7 963 180 398 184 419 209 200 587 561 27 401 510 183 898 701 476 153 48 419 176 82 760 849 866 929 257 381 159 208 483 230 912 737 899 445 177 946 321 781 340 184 361 373 831 817 742 147 361 113 575 698 688 842 858 82 353 326 409 586 491 121 814 201 704
896 403 270 25 490 0 458 254 542 242 99 905 290 560 171 805 69 677 959 516 156 640 869 566 155 184 254 652 751 184 140 334 695 819 465 664 628 223 236 858 933 331 96 273 710 787 119 371 76 269 10 595 617 177 814 736 719 74 985 264 351 781 899 696 819 392 255 343 613 960 982 720 303 638 551 539 489 105 981 109 585 121 956 360 520 296 855 138 60 698 32 992 898 243 915 766 406 848 929 427
68 546 963 578 347 458 0 852 282 384 975 440 98 854 185 927 952 342 318 134 240 573 382 991 946 403 468 977 512 536 385 769 780 227 945 856 514 800 344 889 416 805 118 378 260 518 832 711 714 234 65 854 161 986 360 48 706 356 917 185 140 254 242 800 466 275 146 582 320 490 584 414 780 897 583 425 719 839 891 954 854 384 313 56 551 442 998 754 26 98 528 269 12 265 696 164 200 934 124 792
179 872 271 439 481 254 852 0 832 592 329 563 259 460 118 801 52 339 266 665 266 443 49 971 91 442 39 517 695 777 721 631 392 328 519 441 852 768 669 279 533 922 147 235 529 293 85 278 759 117 812 35 519 78 864 309 20 364 702 775 173 477 707 428 184 645 79 111 891 575 195 405 463 784 400 37 881 403 117 54 144 534 291 825 560 329 537 959 732 203 290 727 507 780 355 920 402 662 96 471
793 992 746 862 564 542 282 832 0 458 697 170 316 919 157 114 649 670 412 531 578 899 386 596 728 851 680 780 618 826 289 718 964 185 985 241 984 675 606 22 576 957 592 394 406 59 204 862 347 142 981 16 353 479 834 803 864 769 107 27 358 986 193 533 48 106 969 892 186 447 576 395 13 107 247 656 263 327 75 851 888 577 152 22 120 497 423 485 918 633 140 914 595 435 329 447 264 454 255 326
791 876 71 725 507 242 384 592 458 0 827 485 7 233 2 172 54 846 305 798 221 261 207 94 889 172 559 457 103 566 137 584 620 525 476 598 242 446 862 507 352 58 309 658 931 119 623 673 122 428 895 970 254 811 756 671 483 635 407 60 61 9 855 751 729 314 117 151 96 744 252 959 122 20 622 168 181 602 179 870 389 639 151 831 624 597 564 328 496 102 81 765 312 600 441 741 431 555 337 905
349 61 767 495 139 99 975 329 697 827 0 966 11 612 912 695 331 654 617 127 18 894 712 701 814 661 551 286 983 595 437 375 192 723 721 304 16 429 530 233 165 461 706 26 177 782 596 436 429 279 819 55 52 976 854 228 82 314 471 281 49 446 188 933 944 9 255 667 842 583 125 594 563 983 122 997 477 718 93 31 495 228 428 85 695 491 383 188 805 777 250 322 256 884 157 331 825 706 43 760
987 739 815 134 706 905 440 563 170 485 966 0 577 975 346 226 140 337 312 761 381 351 833 309 502 444 200 457 136 420 801 904 259 463 306 346 817 436 340 77 499 822 820 949 304 94 61 224 720 92 289 810 490 297 841 220 700 798 915 322 569 396 875 992 433 774 328 868 383 285 130 673 257 932 40 995 500 603 289 335 178 656 160 427 274 968 686 255 881 731 208 627 534 647 242 340 528 957 166 153
889 756 673 278 814 290 98 259 316 7 11 577 0 335 161 918 704 356 130 792 712 520 391 614 227 99 39 71 715 538 569 64 563 937 975 780 989 170 149 379 344 164 798 798 814 956 878 767 4 139 973 589 757 897 541 13 443 562 763 985 500 857 732 702 826 185 735 239 8 851 323 21 380 277 211 870 65 628 123 858 679 416 487 178 388 637 462 561 77 983 319 916 54 159 493 843 977 294 977 880
593 162 211 56 299 560 854 460 919 233 612 975 335 0 891 332 451 342 372 957 386 667 783 324 443 450 687 402 627 537 94 42 513 314 23 218 11 787 442 980 337 605 804 660 898 418 674 69 545 503 596 61 292 146 569 11 115 146 912 388 620 95 725 937 225 455 180 415 250 487 543 181 133 576 964 827 783 19 167 413 921 328 890 142 970 82 611 201 27 858 705 244 486 339 817 155 572 629 269 457
242 496 757 480 738 171 185 118 157 2 912 346 161 891 0 344 296 87 477 880 201 193 100 448 478 495 668 53 246 512 872 208 706 360 960 565 922 899 381 730 405 532 563 409 669 728 138 311 184 834 696 615 580 175 428 668 147 75 131 463 351 119 951 866 498 206 232 297 597 312 548 649 773 105 913 704 970 944 892 360 215 755 279 710 507 639 543 342 76 630 597 591 278 800 48 580 683 203 454 871
807 117 254 497 412 805 927 801 114 172 695 226 918 332 344 0 62 10 325 231 634 598 688 34 106 994 905 361 934 498 382 731 438 554 49 742 955 626 855 820 815 859 519 845 789 269 527 191 169 273 520 660 105 602 439 466 60 842 975 850 337 568 790 736 614 203 458 842 989 51 200 507 564 302 50 855 630 248 329 798 975 419 642 565 528 673 879 738 164 379 389 749 512 218 988 820 651 421 525 539
863 552 595 303 247 69 952 52 649 54 331 140 704 451 296 62 0 279 578 653 23 644 264 457 637 41 761 293 348 385 732 26 445 309 693 314 632 67 865 832 621 417 71 50 75 582 126 617 827 392 966 496 631 907 115 580 493 30 507 129 635 645 474 430 278 48 308 66 648 399 383 840 326 653 861 987 570 499 125 132 473 758 983 652 703 704 651 52 434 714 294 451 959 273 213 300 856 717 502 906
3 7 441 6 402 677 342 339 670 846 654 337 356 342 87 10 279 0 908 788 563 319 397 492 910 620 132 90 249 639 2 688 978 792 41 351 566 721 224 654 990 114 642 940 79 91 470 286 603 103 913 817 856 41 631 335 874 733 574 767 894 637 658 613 979 170 65 857 509 238 430 114 364 41 843 560 30 376 575 15 671 212 382 56 266 774 438 275 945 952 604 977 451 374 127 275 871 168 183 887
920 645 588 301 688 959 318 266 412 305 617 312 130 372 477 325 578 908 0 506 562 192 564 237 741 130 452 605 152 695 542 875 99 778 56 737 922 673 526 863 595 180 816 291 216 735 224 984 996 834 897 356 835 722 873 102 345 653 656 27 546 292 425 445 943 278 120 285 567 363 393 995 74 76 543 519 526 754 891 282 561 150 187 229 108 693 261 368 319 577 418 44 97 874 719 299 344 66 594 534
360 489 565 542 346 516 134 665 531 798 127 761 792 957 880 231 653 788 506 0 4 348 950 199 319 963 822 259 556 448 976 123 10 153 966 263 452 617 382 742 373 465 472 377 312 85 602 370 418 796 108 538 798 693 701 35 870 788 716 260 811 936 458 375 774 283 99 377 823 403 46 851 126 38 662 403 113 423 326 644 555 299 13 140 366 145 74 516 274 257 170 658 3 545 619 63 129 327 255 635
775 883 967 145 326 156 240 266 578 221 18 381 712 386 201 634 23 563 562 4 0 825 320 190 701 472 758 631 247 210 127 613 733 43 83 510 231 48 469 761 579 577 471 871 444 494 756 474 346 798 660 183 666 940 750 92 483 577 336 293 684 433 240 260 162 37 703 131 367 886 762 351 554 420 384 655 391 26 445 211 84 129 917 367 809 458 887 356 277 451 640 807 78 238 700 621 911 555 664 282
363 501 491 894 817 640 573 443 899 261 894 351 520 667 193 598 644 319 192 348 825 0 154 723 436 198 367 383 591 333 971 654 680 934 863 985 646 411 734 762 783 605 67 837 838 433 612 164 610 577 83 977 965 338 275 701 55 295 423 198 980 949 859 843 213 525 863 87 858 231 918 75 248 649 653 710 776 822 481 198 823 641 722 842 251 508 568 727 579 409 538 316 833 422 327 336 569 678 490 326
617 364 375 52 447 869 382 49 386 207 712 833 391 783 100 688 264 397 564 950 320 154 0 142 777 757 456 629 379 39 621 440 405 89 393 420 43 577 406 876 657 61 671 850 793 672 725 727 132 450 133 264 205 722 425 336 226 95 893 852 385 678 841 387 380 449 768 67 454 732 691 532 320 578 318 675 850 273 51 297 761 668 893 427 638 923 703 940 200 102 589 557 28 382 319 975 821 40 374 982
776 639 467 66 834 566 991 971 596 94 701 309 614 324 448 34 457 492 237 199 190 723 142 0 4 621 846 295 716 33 172 813 666 50 335 296 386 473 132 585 395 80 715 395 483 8 132 868 700 67 996 252 645 167 43 660 406 938 691 151 212 350 420 183 512 860 274 18 642 513 938 19 265 777 497 336 495 885 443 674 349 580 570 822 281 350 151 176 431 591 759 302 760 139 513 502 67 488 252 479
143 65 19 228 773 155 946 91 728 889 814 502 227 443 478 106 637 910 741 319 701 436 777 4 0 460 605 269 794 981 773 774 174 936 864 793 35 189 106 977 910 616 22 966 391 563 146 623 892 563 870 130 588 584 692 732 254 849 443 163 412 289 740 226 235 511 403 718 37 593 762 339 850 668 754 950 629 275 54 304 249 239 706 372 558 389 252 361 189 437 747 229 405 830 850 698 750 104 273 249
129 656 135 786 851 184 403 442 851 172 661 444 99 450 495 994 41 620 130 963 472 198 757 621 460 0 245 99 526 519 184 224 334 112 502 304 607 561 573 62 371 782 349 862 13 797 646 830 301 87 118 635 566 639 165 869 167 516 856 65 455 968 79 925 44 161 941 455 158 955 674 175 518 698 721 188 102 662 63 398 671 57 282 418 117 319 421 502 887 950 604 448 974 613 729 189 856 153 81 84
670 159 940 692 841 254 468 39 680 559 551 200 39 687 668 905 761 132 452 822 758 367 456 846 605 245 0 13 631 594 996 727 852 751 462 388 31 573 559 412 528 674 104 619 998 993 297 723 695 541 474 624 184 543 271 686 925 500 988 343 344 708 857 158 935 88 977 109 384 136 429 956 585 668 988 7 442 903 505 98 213 654 182 245 1 616 754 329 443 751 544 922 615 34 319 240 512 932 735 939
768 938 168 201 737 652 977 517 780 457 286 457 71 402 53 361 293 90 605 259 631 383 629 295 269 99 13 0 791 680 785 829 421 304 956 475 810 886 764 743 761 257 860 372 943 345 460 988 82 782 212 253 258 230 827 732 729 302 824 742 116 369 764 992 899 565 238 181 222 855 271 125 440 919 768 668 414 830 346 588 852 264 352 273 486 277 171 956 721 224 65 494 43 716 571 67 332 421 923 982
258 406 907 330 427 751 512 695 618 103 983 136 715 627 246 934 348 249 152 556 247 591 379 716 794 526 631 791 0 623 516 19 349 32 43 461 495 76 972 111 233 950 223 389 50 99 595 768 12 481 368 788 607 536 811 846 562 251 270 576 907 358 839 932 231 272 515 713 148 301 768 383 46 824 989 954 575 242 624 988 256 313 91 140 579 439 856 994 834 238 362 592 782 242 375 46 413 848 302 587
810 996 803 218 132 184 536 777 826 566 595 420 538 537 512 498 385 639 695 448 210 333 39 33 981 519 594 680 623 0 797 650 736 731 724 327 750 862 278 959 749 883 788 2 875 710 605 616 355 168 762 190 402 418 744 389 202 164 328 11 304 958 904 120 389 701 465 605 708 338 219 485 250 835 365 438 591 798 644 649 341 797 718 675 821 768 173 171 222 4 523 132 116 230 718 511 737 526 170 818
55 488 586 310 268 140 385 721 289 137 437 801 569 94 872 382 732 2 542 976 127 971 621 172 773 184 996 785 516 797 0 288 48 981 439 876 429 539 987 899 737 600 426 820 504 257 965 360 971 401 215 835 916 953 408 744 159 431 575 63 725 493 474 902 139 589 497 326 578 740 851 204 971 706 86 841 127 688 728 501 71 823 778 281 595 798 801 689 328 324 308 345 383 237 717 373 475 174 518 434
418 626 637 761 374 334 769 631 718 584 375 904 64 42 208 731 26 688 875 123 613 654 440 813 774 224 727 829 19 650 288 0 415 390 884 863 194 811 140 198 679 656 863 145 312 496 68 414 441 958 172 836 593 447 708 927 843 949 921 904 49 17 173 618 705 513 285 361 577 208 988 898 708 132 970 495 245 8 347 366 928 53 685 146 163 260 117 839 878 694 423 148 302 907 573 160 223 294 308 358
459 337 638 619 778 695 780 392 964 620 192 259 563 513 706 438 445 978 99 10 733 680 405 666 174 334 852 421 349 736 48 415 0 578 366 168 686 185 157 116 302 224 223 110 208 379 838 389 710 88 83 747 255 628 714 682 234 438 844 144 694 21 226 119 954 977 456 115 362 225 161 220 996 83 952 914 155 254 976 147 182 241 103 359 526 621 466 990 326 709 948 181 747 973 513 678 962 242 807 393
58 801 125 280 33 819 227 328 185 525 723 463 937 314 360 554 309 792 778 153 43 934 89 50 936 112 751 304 32 731 981 390 578 0 421 716 562 885 101 77 149 448 830 742 69 273 276 849 477 428 723 849 71 801 422 808 266 943 438 379 915 648 600 667 409 22 475 689 412 153 186 976 869 87 918 738 501 910 248 646 548 965 712 907 154 998 990 498 925 206 94 351 558 3 389 304 410 387 582 431
587 595 376 952 833 465 945 519 985 476 721 306 975 23 960 49 693 41 56 966 83 863 393 335 864 502 462 956 43 724 439 884 366 421 0 408 533 998 737 399 815 848 644 787 474 569 178 442 923 150 930 823 492 549 651 351 933 614 308 778 548 971 908 33 831 514 345 303 540 427 757 664 239 41 438 210 805 533 837 87 349 53 134 447 490 198 685 796 400 295 856 754 860 819 405 48 409 772 840 214
129 136 482 165 7 664 856 441 241 598 304 346 780 218 565 742 314 351 737 263 510 985 420 296 793 304 388 475 461 327 876 863 168 716 408 0 804 16 87 530 102 737 603 496 340 736 788 582 806 401 884 435 254 991 537 520 792 873 256 484 379 705 962 729 724 670 519 322 227 240 730 854 282 972 125 634 915 662 485 432 329 756 376 547 482 693 304 890 699 410 185 255 551 254 987 25 978 44 152 941
639 641 763 993 963 628 514 852 984 242 16 817 989 11 922 955 632 566 922 452 231 646 43 386 35 607 31 810 495 750 429 194 686 562 533 804 0 894 283 423 922 74 128 233 509 466 490 46 158 740 481 256 763 934 475 309 495 522 984 976 321 376 65 51 644 58 331 41 359 285 722 909 551 470 921 489 580 242 723 945 271 934 833 725 527 393 444 235 490 740 385 960 656 440 80 249 831 833 506 361
942 798 905 934 180 223 800 768 675 446 429 436 170 787 899 626 67 721 673 617 48 411 577 473 189 561 573 886 76 862 539 811 185 885 998 16 894 0 635 117 465 486 291 864 965 339 318 717 294 477 284 682 371 568 143 387 866 995 128 168 325 580 442 191 513 107 147 376 161 574 201 636 134 534 700 251 769 168 498 374 80 299 740 810 809 384 544 908 304 81 786 393 324 750 398 743 186 500 528 826
733 60 16 179 398 236 344 669 606 862 530 340 149 442 381 855 865 224 526 382 469 734 406 132 106 573 559 764 972 278 987 140 157 101 737 87 283 635 0 408 825 80 644 691 226 437 901 150 220 967 702 741 376 435 930 471 626 478 553 900 206 435 595 317 148 674 603 145 656 929 297 62 559 654 873 833 351 426 303 117 593 23 512 442 304 970 509 765 643 819 644 593 332 510 44 904 888 868 79 335
917 561 764 614 184 858 889 279 22 507 233 77 379 980 730 820 832 654 863 742 761 762 876 585 977 62 412 743 111 959 899 198 116 77 399 530 423 117 408 0 761 824 681 538 409 212 223 187 31 995 591 17 561 910 30 819 827 437 371 958 449 820 512 176 813 627 5 305 674 652 181 342 211 694 595 855 26 126 779 666 959 783 309 116 96 137 334 318 239 365 971 266 175 237 777 281 472 560 483 567
239 167 710 743 419 933 416 533 576 352 165 499 344 337 405 815 621 990 595 373 579 783 657 395 910 371 528 761 233 749 737 679 302 149 815 102 922 465 825 761 0 804 442 766 192 913 106 406 662 852 728 831 689 566 74 46 62 685 453 981 768 355 743 921 273 808 255 202 649 425 784 626 170 762 590 793 432 507 767 173 765 46 787 379 659 419 436 760 602 110 781 100 605 369 624 336 37 373 242 507
325 810 859 373 209 331 805 922 957 58 461 822 164 605 532 859 417 114 180 465 577 605 61 80 616 782 674 257 950 883 600 656 224 448 848 737 74 486 80 824 804 0 45 500 838 711 166 682 223 454 337 346 462 935 291 426 701 791 31 369 955 284 218 499 689 417 304 31 783 821 276 643 952 952 295 863 557 42 156 952 210 192 956 257 703 62 896 40 111 534 924 677 359 961 409 203 795 166 803 831
506 213 566 966 200 96 118 147 592 309 706 820 798 804 563 519 71 642 816 472 471 67 671 715 22 349 104 860 223 788 426 863 223 830 644 603 128 291 644 681 442 45 0 820 185 962 448 774 885 974 807 240 744 80 278 447 34 253 59 486 660 34 477 546 752 320 889 536 289 340 662 589 520 395 633 189 873 249 240 22 6 811 714 730 912 560 747 676 316 844 33 392 469 319 739 518 767 123 971 153
124 60 983 48 587 273 378 235 394 658 26 949 798 660 409 845 50 940 291 377 871 837 850 395 966 862 619 372 389 2 820 145 110 742 787 496 233 864 691 538 766 500 820 0 40 292 642 318 718 280 468 349 584 697 963 992 206 989 369 682 900 782 55 738 216 226 947 221 830 727 635 430 595 322 879 70 721 442 922 574 622 534 807 757 937 382 163 196 407 917 852 446 828 332 302 645 645 42 935 482
324 306 771 781 561 710 260 529 406 931 177 304 814 898 669 789 75 79 216 312 444 838 793 483 391 13 998 943 50 875 504 312 208 69 474 340 509 965 226 409 192 838 185 40 0 271 944 417 990 368 39 21 678 28 327 775 522 371 810 659 639 103 17 291 812 377 304 945 898 847 600 237 839 241 282 241 189 164 994 113 293 346 563 795 250 618 225 181 685 753 188 889 348 965 850 72 573 882 416 791
741 824 566 43 27 787 518 293 59 119 782 94 956 418 728 269 582 91 735 85 494 433 672 8 563 797 993 345 99 710 257 496 379 273 569 736 466 339 437 212 913 711 962 292 271 0 275 984 273 808 117 300 764 435 230 568 533 53 523 982 812 228 4 392 754 523 789 825 919 923 904 644 940 944 153 44 646 514 112 806 230 150 540 787 17 171 986 610 602 405 768 434 66 952 626 748 829 57 198 663
530 610 224 953 401 119 832 85 204 623 596 61 878 674 138 527 126 470 224 602 756 612 725 132 146 646 297 460 595 605 965 68 838 276 178 788 490 318 901 223 106 166 448 642 944 275 0 141 838 325 579 253 424 857 780 417 285 773 199 560 979 245 752 167 366 153 260 51 356 334 113 148 386 395 717 862 563 81 820 661 955 57 105 140 523 549 607 519 830 616 241 109 914 889 632 606 52 76 441 385
379 24 48 574 510 371 711 278 862 673 436 224 767 69 311 191 617 286 984 370 474 164 727 868 623 830 723 988 768 616 360 414 389 849 442 582 46 717 150 187 406 682 774 318 417 984 141 0 977 561 123 974 877 14 385 7 751 186 733 844 261 666 149 178 522 858 619 913 876 72 392 865 918 869 3 838 843 270 491 473 736 436 467 64 487 633 36 499 15 779 153 566 893 811 851 132 401 166 170 466
989 717 563 541 183 76 714 759 347 122 429 720 4 545 184 169 827 603 996 418 346 610 132 700 892 301 695 82 12 355 971 441 710 477 923 806 158 294 220 31 662 223 885 718 990 273 838 977 0 898 501 421 725 306 333 763 836 718 331 250 648 292 296 534 617 671 706 870 70 505 341 358 987 452 227 602 405 577 937 391 210 741 501 117 680 244 88 62 546 59 54 768 223 369 608 668 873 229 361 32
642 532 907 782 898 269 234 117 142 428 279 92 139 503 834 273 392 103 834 796 798 577 450 67 563 87 541 782 481 168 401 958 88 428 150 401 740 477 967 995 852 454 974 280 368 808 325 561 898 0 446 705 115 272 528 129 250 455 49 748 644 323 285 772 34 31 948 922 874 525 483 678 317 964 885 14 968 154 643 718 118 900 23 284 581 493 804 32 583 869 422 81 462 433 134 560 110 680 509 351
232 339 921 755 701 10 65 812 981 895 819 289 973 596 696 520 966 913 897 108 660 83 133 996 870 118 474 212 368 762 215 172 83 723 930 884 481 284 702 591 728 337 807 468 39 117 579 123 501 446 0 428 920 57 835 775 180 177 677 608 836 319 934 750 567 130 783 646 938 367 929 154 369 64 863 159 291 213 391 890 534 507 414 133 836 129 72 192 490 982 675 718 65 730 250 891 855 276 9 417
526 12 995 422 476 595 854 35 16 970 55 810 589 61 615 660 496 817 356 538 183 977 264 252 130 635 624 253 788 190 835 836 747 849 823 435 256 682 741 17 831 346 240 349 21 300 253 974 421 705 428 0 122 376 59 251 890 272 983 731 248 549 596 493 872 961 992 933 389 275 350 541 273 302 483 379 215 5 68 345 247 387 211 195 613 789 45 896 182 774 272 661 803 630 571 314 421 706 444 993
458 501 824 554 153 617 161 519 353 254 52 490 757 292 580 105 631 856 835 798 666 965 205 645 588 566 184 258 607 402 916 593 255 71 492 254 763 371 376 561 689 462 744 584 678 764 424 877 725 115 920 122 0 951 748 586 68 638 421 808 202 401 517 293 335 320 974 442 732 3 486 470 327 826 144 549 796 735 768 55 390 735 743 485 982 715 111 319 243 100 60 813 867 962 205 391 239 151 786 985
532 965 870 937 48 177 986 78 479 811 976 297 897 146 175 602 907 41 722 693 940 338 722 167 584 639 543 230 536 418 953 447 628 801 549 991 934 568 435 910 566 935 80 697 28 435 857 14 306 272 57 376 951 0 692 168 343 536 295 501 704 820 979 594 477 208 979 492 117 118 178 191 168 492 833 568 833 961 314 505 795 433 761 613 111 368 667 211 689 115 475 53 269 13 24 811 15 827 21 802
779 505 682 995 419 814 360 864 834 756 854 841 541 569 428 439 115 631 873 701 750 275 425 43 692 165 271 827 811 744 408 708 714 422 651 537 475 143 930 30 74 291 278 963 327 230 780 385 333 528 835 59 748 692 0 947 91 290 494 692 807 267 429 86 442 190 729 96 2 556 631 468 874 442 661 113 457 138 838 74 17 424 634 719 69 388 750 209 591 254 339 166 360 871 795 166 635 53 429 798
882 682 229 486 176 736 48 309 803 671 228 220 13 11 668 466 580 335 102 35 92 701 336 660 732 869 686 732 846 389 744 927 682 808 351 520 309 387 471 819 46 426 447 992 775 568 417 7 763 129 775 251 586 168 947 0 967 851 518 332 250 473 970 366 829 919 257 871 117 989 684 887 187 609 73 6 277 213 772 36 491 649 428 950 463 243 652 611 685 121 246 269 148 918 814 780 451 961 139 760
541 602 557 959 82 719 706 20 864 483 82 700 443 115 147 60 493 874 345 870 483 55 226 406 254 167 925 729 562 202 159 843 234 266 933 792 495 866 626 827 62 701 34 206 522 533 285 751 836 250 180 890 68 343 91 967 0 42 241 990 724 471 655 199 277 573 691 22 700 139 527 962 125 780 721 759 196 341 39 199 820 640 604 676 187 557 514 204 170 87 972 552 181 605 57 891 174 164 706 318
753 106 896 224 760 74 356 364 769 635 314 798 562 146 75 842 30 733 653 788 577 295 95 938 849 516 500 302 251 164 431 949 438 943 614 873 522 995 478 437 685 791 253 989 371 53 773 186 718 455 177 272 638 536 290 851 42 0 20 227 141 672 642 625 200 541 307 594 603 763 913 918 825 276 93 821 252 624 457 9 22 540 645 437 947 935 403 296 947 464 518 828 337 517 134 812 25 609 863 341
676 847 959 230 849 985 917 702 107 407 471 915 763 912 131 975 507 574 656 716 336 423 893 691 443 856 988 824 270 328 575 921 844 438 308 256 984 128 553 371 453 31 59 369 810 523 199 733 331 49 677 983 421 295 494 518 241 20 0 980 255 774 887 86 804 55 904 534 533 224 125 921 833 146 680 559 718 537 591 422 961 291 118 285 469 370 115 196 574 897 524 958 484 350 680 225 483 714 611 955
596 419 830 67 866 264 185 775 27 60 281 322 985 388 463 850 129 767 27 260 293 198 852 151 163 65 343 742 576 11 63 904 144 379 778 484 976 168 900 958 981 369 486 682 659 982 560 844 250 748 608 731 808 501 692 332 990 227 980 0 359 399 497 357 350 845 890 668 156 892 372 43 63 28 913 827 967 172 189 792 237 952 899 555 5 923 62 649 732 87 491 789 537 730 593 590 751 388 133 495
283 114 658 581 929 351 140 173 358 61 49 569 500 620 351 337 635 894 546 811 684 980 385 212 412 455 344 116 907 304 725 49 694 915 548 379 321 325 206 449 768 955 660 900 639 812 979 261 648 644 836 248 202 704 807 250 724 141 255 359 0 931 606 203 842 66 443 314 286 223 439 527 907 817 164 547 491 134 858 596 669 133 334 600 64 739 37 292 165 747 513 294 811 914 41 256 690 821 394 651
667 922 82 693 257 781 254 477 986 9 446 396 857 95 119 568 645 637 292 936 433 949 678 350 289 968 708 369 358 958 493 17 21 648 971 705 376 580 435 820 355 284 34 782 103 228 245 666 292 323 319 549 401 820 267 473 471 672 774 399 931 0 260 359 184 186 962 519 466 363 125 51 782 17 341 849 68 434 214 198 789 985 424 804 174 836 243 519 79 713 762 633 839 533 719 124 98 319 750 246
379 997 825 392 381 899 242 707 193 855 188 875 732 725 951 790 474 658 425 458 240 859 841 420 740 79 857 764 839 904 474 173 226 600 908 962 65 442 595 512 743 218 477 55 17 4 752 149 296 285 934 596 517 979 429 970 655 642 887 497 606 260 0 128 895 532 986 622 643 134 246 726 23 649 579 967 997 584 463 888 202 630 900 331 176 385 815 643 173 940 166 431 431 384 373 523 91 54 49 241
803 427 219 103 159 696 800 428 533 751 933 992 702 937 866 736 430 613 445 375 260 843 387 183 226 925 158 992 932 120 902 618 119 667 33 729 51 191 317 176 921 499 546 738 291 392 167 178 534 772 750 493 293 594 86 366 199 625 86 357 203 359 128 0 244 575 585 204 901 775 481 939 938 778 863 692 177 861 681 363 358 632 167 751 685 604 994 215 395 787 244 918 267 986 708 41 703 940 712 807
398 974 916 654 208 819 466 184 48 729 944 433 826 225 498 614 278 979 943 774 162 213 380 512 235 44 935 899 231 389 139 705 954 409 831 724 644 513 148 813 273 689 752 216 812 754 366 522 617 34 567 872 335 477 442 829 277 200 804 350 842 184 895 244 0 795 774 514 247 133 784 941 78 263 355 118 276 389 742 577 961 132 300 539 142 603 347 304 417 55 17 71 330 572 103 751 213 386 832 694
315 914 757 760 483 392 275 645 106 314 9 774 185 455 206 203 48 170 278 283 37 525 449 860 511 161 88 565 272 701 589 513 977 22 514 670 58 107 674 627 808 417 320 226 377 523 153 858 671 31 130 961 320 208 190 919 573 541 55 845 66 186 532 575 795 0 405 99 161 530 748 691 836 595 298 671 962 544 505 321 916 492 763 634 724 523 710 349 523 808 655 224 583 721 307 726 728 728 273 672
275 240 525 847 230 255 146 79 969 117 255 328 735 180 232 458 308 65 120 99 703 863 768 274 403 941 977 238 515 465 497 285 456 475 345 519 331 147 603 5 255 304 889 947 304 789 260 619 706 948 783 992 974 979 729 257 691 307 904 890 443 962 986 585 774 405 0 781 683 765 848 659 609 141 760 98 639 596 135 715 150 905 450 960 590 998 669 466 11 22 659 425 208 594 622 118 458 54 772 653
934 976 652 296 912 343 582 111 892 151 667 868 239 415 297 842 66 857 285 377 131 87 67 18 718 455 109 181 713 605 326 361 115 689 303 322 41 376 145 305 202 31 536 221 945 825 51 913 870 922 646 933 442 492 96 871 22 594 534 668 314 519 622 204 514 99 781 0 910 354 377 834 347 716 704 612 515 138 581 294 163 702 275 174 697 507 298 892 562 391 629 605 942 215 379 331 161 713 216 919
941 319 723 668 737 613 320 891 186 96 842 383 8 250 597 989 648 509 567 823 367 858 454 642 37 158 384 222 148 708 578 577 362 412 540 227 359 161 656 674 649 783 289 830 898 919 356 876 70 874 938 389 732 117 2 117 700 603 533 156 286 466 643 901 247 161 683 910 0 72 264 255 729 473 823 498 51 249 359 495 946 354 836 281 798 71 60 190 993 157 912 650 961 133 361 788 897 674 879 180
67 20 253 293 899 960 490 575 447 744 583 285 851 487 312 51 399 238 363 403 886 231 732 513 593 955 136 855 301 338 740 208 225 153 427 240 285 574 929 652 425 821 340 727 847 923 334 72 505 525 367 275 3 118 556 989 139 763 224 892 223 363 134 775 133 530 765 354 72 0 952 615 344 977 653 931 240 877 246 94 618 596 914 156 414 800 17 279 321 681 629 818 275 658 499 598 216 79 526 713
17 66 577 51 445 982 584 195 576 252 125 130 323 543 548 200 383 430 393 46 762 918 691 938 762 674 429 271 768 219 851 988 161 186 757 730 722 201 297 181 784 276 662 635 600 904 113 392 341 483 929 350 486 178 631 684 527 913 125 372 439 125 246 481 784 748 848 377 264 952 0 180 453 450 763 144 977 658 816 653 93 985 427 445 716 886 120 458 782 195 814 786 434 590 672 103 556 829 325 509
561 538 549 564 177 720 414 405 395 959 594 673 21 181 649 507 840 114 995 851 351 75 532 19 339 175 956 125 383 485 204 898 220 976 664 854 909 636 62 342 626 643 589 430 237 644 148 865 358 678 154 541 470 191 468 887 962 918 921 43 527 51 726 939 941 691 659 834 255 615 180 0 489 156 885 441 876 866 291 355 491 930 983 87 719 264 545 275 237 687 484 910 87 18 895 593 130 12 724 601
894 527 865 523 946 303 780 463 13 122 563 257 380 133 773 564 326 364 74 126 554 248 320 265 850 518 585 440 46 250 971 708 996 869 239 282 551 134 559 211 170 952 520 595 839 940 386 918 987 317 369 273 327 168 874 187 125 825 833 63 907 782 23 938 78 836 609 347 729 344 453 489 0 547 790 5 64 700 297 95 951 130 784 308 929 867 438 569 78 7 8 914 458 602 352 522 659 559 91 978
65 81 915 465 321 638 897 784 107 20 983 932 277 576 105 302 653 41 76 38 420 649 578 777 668 698 668 919 824 835 706 132 83 87 41 972 470 534 654 694 762 952 395 322 241 944 395 869 452 964 64 302 826 492 442 609 780 276 146 28 817 17 649 778 263 595 141 716 473 977 450 156 547 0 793 573 805 961 677 304 523 834 397 452 547 447 428 489 407 17 334 969 138 259 473 325 772 286 529 998
8 896 523 863 781 551 583 400 247 622 122 40 211 964 913 50 861 843 543 662 384 653 318 497 754 721 988 768 989 365 86 970 952 918 438 125 921 700 873 595 590 295 633 879 282 153 717 3 227 885 863 483 144 833 661 73 721 93 680 913 164 341 579 863 355 298 760 704 823 653 763 885 790 793 0 794 655 231 91 678 923 140 83 966 15 724 433 578 156 403 311 52 269 16 431 897 60 961 7 429
668 199 702 258 340 539 425 37 656 168 997 995 870 827 704 855 987 560 519 403 655 710 675 336 950 188 7 668 954 438 841 495 914 738 210 634 489 251 833 855 793 863 189 70 241 44 862 838 602 14 159 379 549 568 113 6 759 821 559 827 547 849 967 692 118 671 98 612 498 931 144 441 5 573 794 0 330 380 375 476 561 866 534 476 52 939 904 8 280 651 766 56 797 347 881 613 344 441 741 634
991 151 80 173 184 489 719 881 263 181 477 500 65 783 970 630 570 30 526 113 391 776 850 495 629 102 442 414 575 591 127 245 155 501 805 915 580 769 351 26 432 557 873 721 189 646 563 843 405 968 291 215 796 833 457 277 196 252 718 967 491 68 997 177 276 962 639 515 51 240 977 876 64 805 655 330 0 934 737 805 518 446 34 673 493 569 210 205 592 356 523 74 934 173 124 947 645 788 807 791
595 787 813 765 361 105 839 403 327 602 718 603 628 19 944 248 499 376 754 423 26 822 273 885 275 662 903 830 242 798 688 8 254 910 533 662 242 168 426 126 507 42 249 442 164 514 81 270 577 154 213 5 735 961 138 213 341 624 537 172 134 434 584 861 389 544 596 138 249 877 658 866 700 961 231 380 934 0 546 655 714 340 980 162 750 42 342 498 829 438 343 560 261 104 993 410 280 623 769 195
923 257 619 514 373 981 891 117 75 179 93 289 123 167 892 329 125 575 891 326 445 481 51 443 54 63 505 346 624 644 728 347 976 248 837 485 723 498 303 779 767 156 240 922 994 112 820 491 937 643 391 68 768 314 838 772 39 457 591 189 858 214 463 681 742 505 135 581 359 246 816 291 297 677 91 375 737 546 0 385 72 859 755 850 822 499 905 277 321 732 13 295 743 198 717 705 935 789 421 677
633 944 400 759 831 109 954 54 851 870 31 335 858 413 360 798 132 15 282 644 211 198 297 674 304 398 98 588 988 649 501 366 147 646 87 432 945 374 117 666 173 952 22 574 113 806 661 473 391 718 890 345 55 505 74 36 199 9 422 792 596 198 888 363 577 321 715 294 495 94 653 355 95 304 678 476 805 655 385 0 719 88 279 476 70 508 218 67 791 994 964 94 942 507 211 248 391 923 80 774
782 398 430 371 817 585 854 144 888 389 495 178 679 921 215 975 473 671 561 555 84 823 761 349 249 671 213 852 256 341 71 928 182 548 349 329 271 80 593 959 765 210 6 622 293 230 955 736 210 118 534 247 390 795 17 491 820 22 961 237 669 789 202 358 961 916 150 163 946 618 93 491 951 523 923 561 518 714 72 719 0 550 313 809 942 915 744 501 400 86 761 714 602 898 307 525 225 17 763 919
265 155 835 235 742 121 384 534 577 639 228 656 416 328 755 419 758 212 150 299 129 641 668 580 239 57 654 264 313 797 823 53 241 965 53 756 934 299 23 783 46 192 811 534 346 150 57 436 741 900 507 387 735 433 424 649 640 540 291 952 133 985 630 632 132 492 905 702 354 596 985 930 130 834 140 866 446 340 859 88 550 0 177 960 184 122 484 741 755 442 908 440 485 487 951 370 438 733 486 40
644 805 737 729 147 956 313 291 152 151 428 160 487 890 279 642 983 382 187 13 917 722 893 570 706 282 182 352 91 718 778 685 103 712 134 376 833 740 512 309 787 956 714 807 563 540 105 467 501 23 414 211 743 761 634 428 604 645 118 899 334 424 900 167 300 763 450 275 836 914 427 983 784 397 83 534 34 980 755 279 313 177 0 987 746 796 144 74 812 128 520 41 357 611 910 65 134 412 924 633
742 985 26 693 361 360 56 825 22 831 85 427 178 142 710 565 652 56 229 140 367 842 427 822 372 418 245 273 140 675 281 146 359 907 447 547 725 810 442 116 379 257 730 757 795 787 140 64 117 284 133 195 485 613 719 950 676 437 285 555 600 804 331 751 539 634 960 174 281 156 445 87 308 452 966 476 673 162 850 476 809 960 987 0 912 162 62 243 346 496 247 645 645 260 376 338 248 535 799 622
655 468 458 166 113 520 551 560 120 624 695 274 388 970 507 528 703 266 108 366 809 251 638 281 558 117 1 486 579 821 595 163 526 154 490 482 527 809 304 96 659 703 912 937 250 17 523 487 680 581 836 613 982 111 69 463 187 947 469 5 64 174 176 685 142 724 590 697 798 414 716 719 929 547 15 52 493 750 822 70 942 184 746 912 0 971 479 338 832 360 975 9 537 436 535 58 472 855 949 78
670 668 788 301 575 296 442 329 497 597 491 968 637 82 639 673 704 774 693 145 458 508 923 350 389 319 616 277 439 768 798 260 621 998 198 693 393 384 970 137 419 62 560 382 618 171 549 633 244 493 129 789 715 368 388 243 557 935 370 923 739 836 385 604 603 523 998 507 71 800 886 264 867 447 724 939 569 42 499 508 915 122 796 162 971 0 19 35 439 123 992 639 90 983 95 382 941 982 857 560
995 982 471 119 698 855 998 537 423 564 383 686 462 611 543 879 651 438 261 74 887 568 703 151 252 421 754 171 856 173 801 117 466 990 685 304 444 544 509 334 436 896 747 163 225 986 607 36 88 804 72 45 111 667 750 652 514 403 115 62 37 243 815 994 347 710 669 298 60 17 120 545 438 428 433 904 210 342 905 218 744 484 144 62 479 19 0 683 659 87 899 969 539 624 731 663 354 988 620 25
610 441 258 976 688 138 754 959 485 328 188 255 561 201 342 738 52 275 368 516 356 727 940 176 361 502 329 956 994 171 689 839 990 498 796 890 235 908 765 318 760 40 676 196 181 610 519 499 62 32 192 896 319 211 209 611 204 296 196 649 292 519 643 215 304 349 466 892 190 279 458 275 569 489 578 8 205 498 277 67 501 741 74 243 338 35 683 0 903 41 235 777 36 385 182 629 209 561 601 235
996 236 321 750 842 60 26 732 918 496 805 881 77 27 76 164 434 945 319 274 277 579 200 431 189 887 443 721 834 222 328 878 326 925 400 699 490 304 643 239 602 111 316 407 685 602 830 15 546 583 490 182 243 689 591 685 170 947 574 732 165 79 173 395 417 523 11 562 993 321 782 237 78 407 156 280 592 829 321 791 400 755 812 346 832 439 659 903 0 927 482 228 337 721 224 229 7 127 619 964
432 661 162 427 858 698 98 203 633 102 777 731 983 858 630 379 714 952 577 257 451 409 102 591 437 950 751 224 238 4 324 694 709 206 295 410 740 81 819 365 110 534 844 917 753 405 616 779 59 869 982 774 100 115 254 121 87 464 897 87 747 713 940 787 55 808 22 391 157 681 195 687 7 17 403 651 356 438 732 994 86 442 128 496 360 123 87 41 927 0 932 623 427 397 665 268 191 39 932 38
467 229 906 934 82 32 528 290 140 81 250 208 319 705 597 389 294 604 418 170 640 538 589 759 747 604 544 65 362 523 308 423 948 94 856 185 385 786 644 971 781 924 33 852 188 768 241 153 54 422 675 272 60 475 339 246 972 518 524 491 513 762 166 244 17 655 659 629 912 629 814 484 8 334 311 766 523 343 13 964 761 908 520 247 975 992 899 235 482 932 0 432 388 400 558 430 440 919 435 517
641 584 877 995 353 992 269 727 914 765 322 627 916 244 591 749 451 977 44 658 807 316 557 302 229 448 922 494 592 132 345 148 181 351 754 255 960 393 593 266 100 677 392 446 889 434 109 566 768 81 718 661 813 53 166 269 552 828 958 789 294 633 431 918 71 224 425 605 650 818 786 910 914 969 52 56 74 560 295 94 714 440 41 645 9 639 969 777 228 623 432 0 445 661 796 44 3 721 644 225
386 506 235 927 326 898 12 507 595 312 256 534 54 486 278 512 959 451 97 3 78 833 28 760 405 974 615 43 782 116 383 302 747 558 860 551 656 324 332 175 605 359 469 828 348 66 914 893 223 462 65 803 867 269 360 148 181 337 484 537 811 839 431 267 330 583 208 942 961 275 434 87 458 138 269 797 934 261 743 942 602 485 357 645 537 90 539 36 337 427 388 445 0 287 996 534 157 19 665 143
5 530 142 876 409 243 265 780 435 600 884 647 159 339 800 218 273 374 874 545 238 422 382 139 830 613 34 716 242 230 237 907 973 3 819 254 440 750 510 237 369 961 319 332 965 952 889 811 369 433 730 630 962 13 871 918 605 517 350 730 914 533 384 986 572 721 594 215 133 658 590 18 602 259 16 347 173 104 198 507 898 487 611 260 436 983 624 385 721 397 400 661 287 0 326 801 69 717 241 688
424 406 844 90 586 915 696 355 329 441 157 242 493 817 48 988 213 127 719 619 700 327 319 513 850 729 319 571 375 718 717 573 513 389 405 987 80 398 44 777 624 409 739 302 850 626 632 851 608 134 250 571 205 24 795 814 57 134 680 593 41 719 373 708 103 307 622 379 361 499 672 895 352 473 431 881 124 993 717 211 307 951 910 376 535 95 731 182 224 665 558 796 996 326 0 951 832 501 792 612
326 956 755 843 491 766 164 920 447 741 331 340 843 155 580 820 300 275 299 63 621 336 975 502 698 189 240 67 46 511 373 160 678 304 48 25 249 743 904 281 336 203 518 645 72 748 606 132 668 560 891 314 391 811 166 780 891 812 225 590 256 124 523 41 751 726 118 331 788 598 103 593 522 325 897 613 947 410 705 248 525 370 65 338 58 382 663 629 229 268 430 44 534 801 951 0 84 616 161 878
712 961 550 246 121 406 200 402 264 431 825 528 977 572 683 651 856 871 344 129 911 569 821 67 750 856 512 332 413 737 475 223 962 410 409 978 831 186 888 472 37 795 767 645 573 829 52 401 873 110 855 421 239 15 635 451 174 25 483 751 690 98 91 703 213 728 458 161 897 216 556 130 659 772 60 344 645 280 935 391 225 438 134 248 472 941 354 209 7 191 440 3 157 69 832 84 0 442 154 497
938 738 184 276 814 848 934 662 454 555 706 957 294 629 203 421 717 168 66 327 555 678 40 488 104 153 932 421 848 526 174 294 242 387 772 44 833 500 868 560 373 166 123 42 882 57 76 166 229 680 276 706 151 827 53 961 164 609 714 388 821 319 54 940 386 728 54 713 674 79 829 12 559 286 961 441 788 623 789 923 17 733 412 535 855 982 988 561 127 39 919 721 19 717 501 616 442 0 743 692
444 752 838 803 201 929 124 96 255 337 43 166 977 269 454 525 502 183 594 255 664 490 374 252 273 81 735 923 302 170 518 308 807 582 840 152 506 528 79 483 242 803 971 935 416 198 441 170 361 509 9 444 786 21 429 139 706 863 611 133 394 750 49 712 832 273 772 216 879 526 325 724 91 529 7 741 807 769 421 80 763 486 924 799 949 857 620 601 619 932 435 644 665 241 792 161 154 743 0 779
58 340 16 474 704 427 792 471 326 905 760 153 880 457 871 539 906 887 534 635 282 326 982 479 249 84 939 982 587 818 434 358 393 431 214 941 361 826 335 567 507 831 153 482 791 663 385 466 32 351 417 993 985 802 798 760 318 341 955 495 651 246 241 807 694 672 653 919 180 713 509 601 978 998 429 634 791 195 677 774 919 40 633 622 78 560 25 235 964 38 517 225 143 688 612 878 497 692 779 0